1134131
1134566
1299682
1345483
1346158
1369316
1445362
1452775
1459853
1641798
1651771
1839853
1945622
1958793
1981636
2049583
2053221
2060155
2107582
2131983
2206424
2211207
2243200
2301701
2302821
2310379
2310439
2326619
2493263
2506851
2578690
2586213
2586691
2798552
2852602
2873556
2933559
2955860
3115833
3168682
3187407
3343962
3394130
3422376
3476572
3502802
3536965
3548640
3581163
3635534
3662966
3709944
3746421
3837062
3877249
3892384
3933547
3979586
3994818
4135081
4146730
4155229
4279117
4344040
4349722
4440839
4592007
4653910
4691908
4715622
4728773
4773848
4788411
4809562
4894437
4944800
4953354
4979876
5105547
5121441
5123036
5129186
5140095
5155306
5452403
5468231
5623199
5676281
5722305
5741195
5792236
5802523
5937555